auct_id	gms_greater_avg
00002	1
00010	1
00011	0
00012	0
00013	1
00016	0
00017	0
00019	1
00021	0
00023	0
00028	1
00030	0
00033	0
00034	0
00038	0
00041	0
00042	0
00044	0
00047	0
00050	0
00051	0
00053	0
00054	0
00055	0
00056	1
00057	0
00058	1
00059	0
00060	1
00062	0
00068	0
00069	0
00075	0
00077	0
00078	0
00082	1
00083	0
00088	0
00090	1
00091	1
00093	0
00094	1
00097	0
00098	0
00101	0
00102	0
00104	0
00105	1
00106	1
00107	0
00108	0
00110	1
00111	0
00113	1
00114	1
00115	0
00116	0
00119	0
00120	1
00121	0
00122	1
00124	1
00125	0
00126	0
00129	1
00132	0
00133	0
00134	0
00136	1
00139	0
00140	0
00141	1
00144	1
00147	0
00149	0
00151	0
00156	0
00158	1
00163	0
00164	1
00165	1
00166	0
00168	0
00171	0
00172	0
00175	0
00177	0
00178	0
00180	0
00181	1
00184	1
00186	0
00192	0
00195	0
00196	0
00197	0
00199	0
00201	0
00203	0
00206	0
00212	1
00214	1
00215	0
00220	0
00223	0
00228	0
00230	1
00231	0
00232	0
00233	0
00234	0
00235	0
00237	0
00238	0
00243	0
00244	0
00247	1
00252	1
00253	0
00254	0
00258	0
00260	0
00264	0
00267	0
00270	0
00273	1
00283	0
00286	0
00289	0
00291	1
00293	0
00294	0
00295	0
00297	1
00298	1
00299	0
00300	1
00301	0
00302	1
00303	0
00304	1
00305	1
00307	0
00308	1
00309	0
00310	1
00313	0
00314	0
00315	0
00316	0
00317	1
00319	0
00320	0
00325	1
00327	0
00328	0
00330	0
00333	1
00335	0
00338	0
00340	0
00345	1
00348	0
00349	1
00350	0
00352	0
00355	0
00356	0
00360	0
00361	1
00362	0
00363	0
00365	0
00366	0
00367	0
00368	1
00369	1
00371	0
00373	1
00376	0
00378	1
00380	0
00381	1
00383	1
00384	0
00385	0
00387	1
00389	0
00390	0
00394	1
00395	0
00396	0
00399	1
00400	1
00405	0
00406	1
00408	1
00409	0
00410	0
00411	1
00413	0
00414	0
00417	0
00418	1
00420	0
00423	0
00424	1
00425	1
00432	0
00433	1
00438	0
00439	1
00442	1
00446	1
00451	0
00453	1
00454	1
00456	1
00457	0
00458	1
00459	1
00461	0
00465	0
00467	0
00469	1
00471	0
00472	1
00473	1
00474	0
00475	0
00477	0
00479	0
00483	0
00484	1
00485	1
00486	1
00488	1
00490	0
00492	0
00493	0
00495	1
00496	1
00498	1
00499	0
00500	0
00504	0
00508	0
00511	1
00512	0
00514	0
00515	0
00519	0
00522	0
00523	0
00526	0
00527	0
00529	0
00531	0
00532	0
00534	0
00536	0
00537	1
00538	1
00540	1
00541	1
00542	1
00544	0
00547	0
00548	0
00551	1
00554	0
00555	0
00558	0
00561	1
00562	0
00567	0
00569	0
00571	0
00572	0
00573	0
00574	1
00576	0
00580	0
00581	0
00582	0
00583	0
00588	0
00591	1
00593	0
00594	0
00595	1
00596	0
00597	1
00598	1
00603	0
00606	1
00609	1
00610	1
00611	1
00612	0
00613	0
00614	0
00615	1
00616	0
00618	0
00626	0
00627	1
00628	0
00629	1
00631	0
00636	1
00638	0
00640	0
00641	1
00642	1
00643	0
00644	0
00645	0
00647	0
00650	0
00652	0
00654	1
00655	0
00656	0
00657	1
00659	0
00660	0
00664	1
00665	0
00666	0
00668	1
00670	1
00672	0
00675	1
00677	1
00678	1
00679	0
00680	1
00685	0
00686	0
00690	0
00691	0
00694	1
00703	1
00708	1
00709	0
00710	0
00711	0
00712	0
00713	0
00714	1
00716	0
00717	0
00721	1
00725	0
00726	1
00727	0
00729	0
00732	1
00735	1
00736	1
00737	0
00738	1
00740	0
00744	0
00745	0
00746	0
00751	0
00752	0
00753	0
00755	0
00758	0
00759	0
00760	0
00762	0
00764	0
00766	1
00768	0
00771	1
00774	1
00775	1
00776	1
00777	1
00780	1
00783	0
00787	0
00788	0
00789	0
00794	0
00795	1
00798	1
00800	1
00801	0
00802	1
00804	1
00805	1
00806	0
00807	0
00809	0
00810	1
00815	0
00820	1
00827	0
00828	0
00829	0
00831	0
00834	1
00835	0
00836	0
00837	0
00838	0
00840	0
00842	0
00843	1
00844	0
00846	0
00849	0
00850	1
00851	0
00852	0
00853	1
00856	0
00857	1
00858	1
00860	1
00861	0
00862	0
00866	0
00868	0
00870	1
00871	0
00872	1
00873	1
00874	0
00875	1
00876	0
00880	0
00886	0
00892	0
00895	1
00896	1
00897	0
00898	0
00899	1
00901	1
00904	1
00905	0
00910	0
00911	0
00912	0
00913	0
00914	0
00916	0
00923	1
00926	0
00927	0
00929	1
00933	0
00934	0
00937	0
00939	1
00940	0
00942	0
00943	1
00944	0
00946	0
00947	0
00948	1
00949	1
00950	1
00953	1
00958	0
00960	0
00962	0
00965	1
00966	1
00967	0
00969	0
00972	1
00973	1
00974	1
00975	0
00977	0
00979	1
00982	1
00983	0
00987	0
00991	0
00995	0
00996	1
00997	0
00998	0
01000	1
01001	0
01002	1
01003	1
01005	0
01006	0
01012	1
01013	0
01014	0
01015	1
01016	0
01018	0
01020	0
01023	0
01027	1
01028	0
01030	0
01033	0
01034	0
01036	0
01037	1
01042	1
01044	0
01046	0
01052	0
01053	0
01054	0
01055	1
01059	1
01060	1
01064	1
01066	0
01068	0
01069	0
01071	0
01072	0
01073	1
01074	1
01076	0
01077	0
01079	0
01080	0
01083	0
01084	0
01085	0
01086	0
01090	0
01091	1
01093	1
01094	0
01097	1
01099	0
01102	1
01106	0
01110	1
01113	1
01114	0
01115	0
01118	0
01120	0
01121	0
01123	1
01124	1
01128	0
01130	1
01131	1
01132	0
01133	0
01134	0
01135	1
01137	1
01138	0
01142	1
01143	0
01145	1
01148	1
01150	1
01153	1
01154	0
01155	1
01156	0
01157	1
01161	1
01162	0
01163	0
01165	0
01166	1
01168	0
01170	1
01172	1
01173	0
01174	0
01176	0
01177	0
01180	0
01181	1
01182	0
01183	0
01186	0
01193	0
01194	0
01195	1
01196	0
01201	1
01203	1
01205	0
01206	0
01207	0
01208	1
01209	1
01210	0
01215	1
01216	0
01218	0
01220	0
01221	1
01222	0
01224	0
01226	1
01227	1
01230	1
01231	1
01235	1
01236	0
01239	0
01240	0
01241	0
01242	0
01244	1
01245	0
01247	0
01249	1
01251	0
01252	0
01254	0
01255	1
01258	1
01259	1
01260	1
01261	1
01262	1
01264	0
01266	1
01269	1
01270	0
01273	1
01274	1
01276	0
01278	0
01283	0
01286	0
01287	0
01288	1
01289	1
01291	1
01293	0
01294	1
01297	0
01298	1
01299	1
01300	0
01302	1
01304	1
01305	0
01306	1
01307	1
01308	0
01310	1
01311	1
01312	1
01313	1
01316	0
01317	1
01320	0
01321	1
01323	1
01326	1
01329	0
01333	1
01336	0
01338	0
01339	0
01340	0
01341	1
01346	1
01347	1
01348	0
01349	0
01351	1
01353	0
01354	0
01357	0
01363	0
01365	1
01366	1
01373	1
01374	1
01376	1
01378	0
01381	1
01382	0
01385	0
01386	0
01390	1
01392	0
01393	1
01396	1
01397	1
01398	1
01400	0
01401	0
01402	0
01404	1
01409	1
01412	1
01413	1
01415	0
01416	0
01417	1
01419	0
01420	0
01421	1
01424	0
01426	0
01427	0
01429	1
01432	0
01433	1
01434	0
01435	0
01438	0
01439	1
01440	1
01441	0
01443	1
01445	1
01446	1
01450	0
01453	1
01456	0
01457	1
01458	1
01459	1
01461	0
01462	0
01464	0
01465	1
01466	1
01469	0
01470	1
01474	0
01476	1
01477	1
01483	0
01487	0
01490	0
01492	0
01493	1
01494	1
01495	1
01497	1
01498	0
01499	0
01504	0
01506	1
01509	1
01511	1
01513	1
01514	0
01516	0
01519	1
01521	0
01526	1
01527	1
01529	0
01532	1
01535	0
01538	0
01540	1
01543	1
01544	0
01545	1
01546	0
01547	1
01549	0
01550	0
01553	1
01554	1
01557	1
01562	1
01566	1
01567	1
01568	0
01570	0
01571	1
01572	0
01574	0
01576	0
01579	0
01584	0
01586	0
01587	1
01588	1
01590	1
01591	0
01592	0
01594	1
01595	1
01596	1
01598	0
01599	0
01600	1
01603	0
01605	0
01608	0
01609	1
01613	0
01615	0
01617	0
01619	0
01621	1
01624	0
01625	0
01626	0
01627	0
01628	0
01629	0
01630	0
01631	0
01633	1
01634	1
01642	1
01653	1
01654	1
01655	0
01656	1
01657	1
01658	1
01660	1
01662	1
01663	1
01664	1
01665	0
01669	1
01670	1
01673	0
01674	0
01676	1
01677	0
01679	1
01680	0
01682	1
01686	0
01692	1
01693	0
01694	1
01695	1
01696	0
01700	1
01702	1
01703	0
01705	1
01706	1
01710	1
01711	1
01716	1
01719	0
01720	0
01722	1
01725	0
01727	0
01731	1
01733	0
01735	0
01736	0
01738	0
01740	0
01745	1
01746	0
01747	0
01748	0
01749	1
01756	1
01757	0
01760	1
01761	0
01763	0
01766	0
01767	0
01773	0
01776	0
01777	1
01778	1
01780	0
01782	1
01785	1
01788	0
01789	1
01790	0
01792	1
01794	0
01801	0
01804	0
01805	0
01807	0
01810	1
01813	0
01814	0
01819	1
01820	0
01821	1
01822	1
01823	0
01825	1
01827	1
01829	1
01831	1
01832	1
01836	1
01837	1
01839	0
01842	0
01843	0
01844	0
01846	0
01847	0
01849	1
01851	1
01852	1
01856	1
01860	1
01861	0
01865	0
01867	0
01868	1
01869	1
01870	0
01871	1
01873	0
01878	0
01879	0
01881	1
01882	1
01886	1
01887	1
01888	1
01891	1
01893	0
01895	0
01899	0
01900	0
01901	1
01903	1
01904	0
01905	0
01906	1
01907	1
01909	0
01911	1
01912	1
01914	1
01916	0
01917	0
01920	0
01924	0
01925	1
01926	0
01928	1
01929	0
01934	1
01935	0
01936	0
01937	1
01938	1
01939	0
01941	1
01942	0
01944	1
01945	1
01947	0
01950	0
01951	0
01953	0
01954	0
01955	1
01956	0
01957	1
01959	1
01962	0
01963	1
01964	1
01965	1
01966	1
01967	1
01968	1
01969	1
01970	0
01981	1
01982	0
01987	1
01988	0
01989	0
01996	0
01998	0
02001	1
02002	1
02008	1
02009	0
02010	0
02011	0
02014	0
02021	1
02025	1
02027	1
02029	0
02030	0
02035	1
02037	0
02039	0
02040	0
02042	0
02044	0
02045	0
02047	0
02048	0
02049	1
02050	0
02055	1
02056	1
02057	0
02060	0
02063	0
02066	1
02067	1
02072	0
02073	0
02078	1
02079	1
02086	0
02087	0
02088	0
02089	0
02092	0
02094	0
02096	0
02097	1
02099	1
02101	1
02102	0
02105	0
02107	1
02108	1
02110	0
02111	1
02116	1
02117	1
02119	1
02120	1
02121	1
02122	0
02123	0
02124	1
02126	1
02127	1
02129	1
02131	1
02132	0
02135	0
02139	0
02140	0
02141	0
02143	1
02144	1
02146	0
02150	1
02151	0
02153	0
02155	0
02158	0
02160	0
02161	0
02163	0
02164	0
02172	0
02173	0
02174	1
02175	1
02176	0
02178	0
02181	0
02182	1
02183	0
02184	0
02186	0
02187	1
02190	1
02191	0
02192	1
02193	1
02194	1
02195	1
02197	1
02199	0
02200	0
02201	1
02202	0
02204	0
02206	1
02207	0
02208	1
02209	0
02211	1
02212	0
02214	0
02215	0
02217	0
02218	1
02219	1
02220	1
02221	0
02224	0
02225	0
02228	0
02229	0
02231	0
02237	1
02239	0
02240	1
02242	0
02243	1
02245	1
02246	0
02250	0
02251	0
02253	0
02254	0
02255	0
02258	0
02262	0
02265	1
02266	1
02268	1
02270	0
02273	0
02274	0
02283	1
02284	0
02286	1
02287	0
02288	0
02290	0
02291	0
02293	0
02296	1
02298	0
02300	0
02301	0
02302	0
02305	1
02308	0
02311	1
02314	0
02315	1
02316	1
02318	1
02319	1
02321	0
02322	0
02324	1
02326	1
02327	0
02330	1
02331	1
02332	1
02333	1
02334	0
02335	0
02336	1
02337	1
02338	1
02339	1
02341	0
02342	0
02344	1
02347	0
02349	1
02350	0
02353	1
02354	1
02355	0
02356	0
02357	0
02358	0
02359	0
02361	0
02363	0
02370	1
02373	0
02374	0
02377	0
02384	0
02388	0
02389	0
02390	0
02391	0
02392	1
02393	0
02399	1
02401	0
02402	1
02403	0
02405	1
02407	0
02414	1
02418	1
02419	0
02423	1
02428	0
02429	0
02434	0
02436	0
02437	0
02443	0
02444	1
02448	0
02450	0
02452	0
02454	1
02455	0
02458	0
02459	0
02461	0
02462	0
02463	0
02464	1
02468	1
02469	1
02472	0
02473	0
02474	0
02479	1
02482	1
02484	0
02485	1
02488	0
02489	0
02490	1
02492	0
02493	1
02494	1
02495	0
02496	0
02498	0
02499	0
02500	0
02502	1
02503	1
02504	1
02505	0
02507	0
02509	0
02511	0
02512	0
02514	0
02515	0
02517	0
02523	0
02525	0
02526	1
02528	0
02531	1
02533	0
02534	0
02535	0
02540	0
02541	0
02545	1
02546	1
02547	1
02548	0
02551	0
02552	0
02554	1
02556	1
02557	1
02561	0
02563	1
02566	0
02568	0
02571	0
02574	1
02577	1
02578	0
02579	0
02580	0
02581	0
02582	1
02583	0
02590	1
02591	0
02592	0
02601	1
02603	1
02605	1
02607	1
02608	0
02613	1
02614	1
02616	0
02618	0
02619	0
02622	1
02623	0
02626	0
02628	0
02630	1
02632	1
02634	1
02640	0
02644	1
02645	0
02646	0
02647	0
02649	0
02650	1
02651	1
02652	1
02653	1
02655	1
02659	1
02660	1
02665	1
02668	1
02669	0
02671	0
02672	0
02675	0
02676	0
02677	0
02680	1
02681	1
02682	1
02684	0
02685	0
02686	0
02687	1
02690	1
02691	0
02692	1
02693	1
02696	0
02698	1
02700	0
02701	0
02704	1
02707	1
02708	1
02711	1
02712	1
02713	1
02716	0
02718	1
02719	1
02721	1
02722	1
02723	0
02724	1
02728	1
02730	0
02733	1
02734	0
02735	1
02736	0
02738	0
02739	0
02742	1
02744	1
02745	0
02746	0
02748	1
02753	1
02754	1
02756	1
02758	1
02761	1
02762	1
02764	0
02765	0
02767	1
02768	1
02769	0
02770	0
02774	1
02776	1
02777	0
02780	0
02782	0
02785	1
02788	0
02791	0
02792	0
02793	0
02800	1
02807	1
02809	0
02812	1
02813	0
02814	1
02815	1
02817	1
02818	1
02819	1
02820	1
02822	0
02826	0
02829	1
02833	1
02835	1
02836	0
02837	1
02839	1
02840	0
02841	1
02843	1
02844	1
02846	1
02847	1
02849	0
02853	1
02854	0
02860	1
02865	1
02866	0
02871	1
02872	1
02874	1
02875	0
02877	1
02880	0
02881	0
02882	1
02883	1
02886	0
02887	0
02888	1
02891	0
02892	0
02893	0
02895	1
02896	0
02897	0
02899	1
02903	1
02909	0
02911	1
02912	0
02913	0
02914	1
02916	1
02917	0
02918	0
02920	0
02923	1
02924	1
02926	1
02927	0
02929	1
02930	0
02932	0
02933	1
02934	0
02935	0
02936	0
02937	0
02938	0
02940	0
02941	0
02944	1
02947	1
02949	0
02951	0
02957	1
02958	0
02960	1
02961	1
02964	0
02965	1
02966	1
02967	1
02968	0
02969	0
02970	0
02971	0
02973	0
02974	1
02975	0
02981	0
02982	0
02984	1
02985	1
02986	0
02987	1
02988	1
02989	1
02990	0
02993	1
02995	0
02996	1
02998	0
02999	0
03000	1
03001	0
03002	1
03004	0
03006	1
03007	1
03009	1
03014	0
03016	1
03017	0
03020	0
03022	0
03024	1
03025	0
03026	1
03027	1
03028	1
03030	0
03033	1
03034	1
03035	1
03037	1
03038	0
03042	1
03043	0
03044	1
03045	0
03046	1
03047	1
03048	1
03051	1
03054	0
03055	1
03058	0
03060	1
03062	1
03065	1
03068	1
03072	0
03073	0
03074	1
03075	0
03078	0
03079	0
03084	0
03085	1
03087	1
03088	1
03092	1
03094	1
03095	1
03098	1
03101	1
03102	1
03103	0
03104	1
03106	1
03107	0
03108	1
03110	0
03111	0
03116	0
03117	1
03118	1
03120	0
03121	1
03124	1
03128	1
03131	1
03133	1
03134	0
03135	0
03136	0
03137	1
03139	1
03146	0
03147	1
03148	0
03149	1
03150	1
03151	0
03152	1
03153	1
03154	1
03158	1
03159	1
03160	1
03161	1
03163	1
03164	1
03167	0
03170	1
03171	1
03172	1
03176	1
03179	1
03181	0
03182	1
03184	1
03185	0
03190	0
03192	1
03193	0
03194	1
03196	1
03198	1
03199	1
03200	1
03203	1
03204	0
03205	1
03207	1
03208	0
03211	0
03213	0
03214	0
03215	1
03217	0
03221	1
03222	1
03223	0
03226	0
03228	1
03230	1
03232	0
03233	1
03239	1
03240	1
03242	1
03243	1
03248	0
03249	0
03250	1
03251	0
03252	1
03253	1
03254	1
03260	0
03265	0
03268	1
03271	1
03273	1
03275	0
03276	0
03278	1
03280	1
03281	1
03283	1
03284	1
03285	1
03292	1
03294	1
03296	1
03297	1
03299	0
03300	0
03301	1
03302	1
03304	0
03305	0
03307	0
03308	1
03309	0
03310	1
03311	0
03312	1
03313	1
03316	0
03317	1
03318	1
03319	0
03321	1
03322	0
03324	1
03326	0
03327	1
03328	0
03329	1
03330	1
03331	1
03334	1
03336	0
03338	0
03339	0
03340	1
03341	1
03342	0
03343	0
03344	0
03347	1
03349	0
03351	1
03354	1
03355	0
03356	0
03358	1
03360	1
03361	1
03364	0
03367	1
03369	0
03371	0
03373	1
03374	1
03375	0
03381	0
03383	0
03385	1
03387	1
03389	1
03393	0
03395	0
03396	0
03400	1
03405	1
03406	0
03407	1
03408	0
03410	0
03411	1
03413	1
03415	1
03417	1
03418	1
03421	0
03423	1
03425	0
03428	1
03429	0
03430	1
03431	1
03432	0
03433	1
03437	1
03439	1
03444	0
03446	1
03447	1
03452	0
03459	1
03461	0
03462	1
03466	1
03467	1
03468	1
03469	1
03471	0
03473	1
03475	0
03479	1
03480	1
03481	1
03483	1
03486	1
03488	1
03490	1
03491	0
03493	0
03494	0
03495	1
03496	1
03497	0
03498	1
03501	1
03503	0
03507	0
03509	0
03510	1
03511	1
03516	1
03518	1
03519	1
03520	0
03521	0
03527	1
03528	1
03529	1
03530	1
03531	0
03535	1
03536	1
03540	0
03541	0
03542	1
03544	1
03545	1
03547	1
03550	1
03552	1
03556	1
03560	0
03564	1
03569	1
03570	1
03573	0
03574	1
03576	1
03578	1
03580	0
03585	1
03588	1
03589	0
03593	1
03595	1
03598	0
03599	1
03600	1
03601	1
03603	0
03605	1
03607	1
03608	0
03609	0
03613	1
03614	1
03619	1
03620	1
03621	1
03622	1
03623	1
03626	1
03627	1
03631	0
03634	0
03635	1
03637	1
03641	1
03643	1
03645	1
03646	1
03649	1
03651	1
03655	1
03658	1
03661	1
03664	1
03666	0
03667	1
03674	1
03675	0
03676	0
03680	0
03682	1
03683	0
03684	0
03686	1
03687	1
03688	1
03692	1
03695	1
03696	1
03697	1
03698	1
03700	1
03701	0
03702	0
03703	1
03708	1
03710	1
03714	1
03718	1
03719	1
03721	1
03724	1
03734	1
03735	0
03736	1
03737	0
03740	1
03741	1
03742	1
03745	0
03746	0
03750	0
03752	1
03756	0
03757	1
03758	1
03760	1
03761	1
03762	0
03764	1
03765	0
03770	0
03772	1
03776	1
03777	0
03778	1
03779	0
03784	1
03785	1
03789	1
03791	1
03792	1
03795	0
03799	1
03801	1
03802	0
03804	0
03805	1
03806	1
03807	1
03809	1
03810	0
03811	0
03813	0
03814	1
03816	1
03823	1
03827	1
03828	1
03830	1
03831	1
03832	0
03834	1
03836	1
03838	0
03839	0
03841	1
03845	1
03847	0
03848	1
03849	1
03850	0
03854	0
03856	1
03857	1
03862	0
03863	1
03866	0
03867	1
03868	0
03870	0
03873	1
03874	1
03875	1
03876	1
03881	0
03882	1
03884	0
03885	1
03888	1
03889	0
03891	0
03892	1
03894	1
03897	0
03898	1
03899	0
03901	0
03903	0
03905	0
03906	1
03908	0
03911	0
03912	0
03913	1
03915	1
03916	1
03920	1
03922	0
03924	1
03926	1
03928	1
03929	1
03933	1
03936	1
03937	1
03938	0
03939	0
03941	1
03944	1
03945	0
03947	1
03948	0
03949	1
03950	0
03953	1
03955	1
03957	0
03958	1
03962	1
03964	1
03967	1
03970	0
03972	1
03974	0
03975	1
03976	1
03977	0
03978	1
03980	0
03982	1
03987	0
03988	1
03989	1
03991	0
03994	1
03995	1
03998	1
04000	0
04003	0
04005	1
04011	1
04012	0
04017	1
04023	1
04024	0
04025	1
04026	1
04028	1
04030	1
04031	1
04033	0
04034	1
04035	0
04036	1
04039	1
04042	0
04044	0
04045	0
04046	1
04047	1
04048	0
04049	1
04054	1
04055	0
04058	1
04059	1
04062	0
04063	1
04064	1
04065	0
04070	0
04071	0
04072	0
04073	1
04075	1
04076	1
04077	1
04078	1
04079	0
04080	0
04082	1
04083	0
04084	1
04088	0
04096	1
04097	1
04100	1
04101	1
04105	1
04108	0
04112	0
04115	1
04116	1
04122	1
04125	1
04126	0
04128	1
04129	0
04130	1
04133	1
04136	0
04138	1
04140	1
04141	1
04142	1
04143	1
04145	0
04146	1
04147	1
04150	1
04151	0
04152	0
04154	0
04155	0
04160	1
04161	1
04162	1
04166	1
04169	0
04170	1
04171	1
04172	0
04174	1
04176	1
04177	1
04178	0
04179	1
04180	1
04181	1
04185	0
04186	1
04187	1
04188	1
04189	1
04198	1
04200	1
04203	0
04205	1
04206	1
04207	0
04208	1
04210	1
04211	1
04212	0
04213	0
04215	0
04216	0
04218	0
04224	1
04226	0
04230	0
04233	1
04235	1
04238	1
04241	1
04243	1
04244	1
04248	1
04249	1
04252	0
04253	1
04254	1
04256	1
04257	0
04258	1
04259	1
04260	0
04262	1
04265	1
04267	1
04269	1
04271	1
04272	1
04280	1
04281	0
04282	1
04284	0
04285	1
04289	0
04290	0
04291	0
04294	1
04295	0
04296	1
04299	0
04300	0
04301	1
04302	1
04304	1
04305	0
04309	1
04310	1
04311	0
04312	0
04313	0
04316	1
04317	1
04318	1
04319	0
04320	0
04325	0
04327	0
04330	0
04331	0
04332	1
04334	1
04337	1
04338	1
04339	1
04341	1
04343	0
04345	1
04350	1
04351	1
04352	0
04353	0
04354	1
04356	0
04357	1
04358	0
04360	0
04361	0
04362	0
04363	0
04364	0
04365	1
04367	0
04368	0
04370	0
04372	1
04373	0
04374	1
04376	0
04377	1
04379	1
04380	1
04381	1
04382	1
04387	1
04390	0
04392	1
04393	1
04394	1
04395	1
04398	1
04399	1
04400	1
04403	1
04404	1
04405	1
04406	0
04408	0
04411	1
04414	0
04415	0
04416	1
04417	1
04418	0
04422	0
04423	1
04425	0
04426	0
04430	1
04431	1
04432	0
04433	0
04434	1
04436	1
04437	1
04438	0
04442	0
04449	1
04450	1
04451	1
04453	1
04457	1
04458	0
04463	1
04467	0
04472	1
04473	1
04474	1
04477	0
04478	0
04479	1
04480	1
04484	1
04487	1
04488	1
04489	1
04490	1
04491	1
04493	0
04495	1
04497	0
04498	0
04500	1
04502	1
04504	1
04505	1
04507	1
04508	0
04510	0
04514	0
04516	1
04517	1
04518	0
04519	1
04525	1
04526	1
04530	0
04531	0
04532	1
04533	1
04535	0
04536	0
04537	1
04540	1
04541	1
04542	1
04543	1
04544	1
04545	1
04547	1
04548	1
04550	1
04554	0
04555	1
04560	0
04563	0
04565	1
04567	0
04569	0
04570	0
04571	0
04572	0
04574	1
04575	0
04577	1
04578	0
04579	0
04582	1
04583	0
04585	0
04586	1
04592	0
04595	0
04596	0
04597	0
04601	1
04602	1
04605	1
04608	0
04609	1
04610	0
04611	1
04613	1
04614	0
04615	1
04616	0
04617	1
04618	0
04619	0
04621	1
04622	1
04623	0
04624	1
04626	1
04628	1
04629	1
04638	1
04641	1
04642	1
04645	1
04647	0
04648	0
04649	0
04650	1
04651	1
04652	1
04653	1
04657	1
04658	0
04660	1
04661	0
04662	0
04663	1
04664	1
04667	1
04673	1
04676	1
04678	1
04679	0
04680	1
04681	1
04685	0
04687	0
04688	1
04690	1
04694	0
04696	0
04697	1
04699	1
04700	1
04701	1
04704	0
04706	0
04711	1
04713	1
04714	1
04716	1
04717	0
04720	1
04721	1
04722	0
04723	1
04727	1
04728	1
04729	1
04733	1
04739	0
04743	1
04745	0
04748	1
04749	1
04751	1
04754	0
04755	1
04756	0
04757	0
04762	1
04765	1
04766	1
04769	0
04771	0
04772	1
04775	1
04777	1
04779	1
04780	0
04782	0
04784	0
04785	0
04787	0
04789	1
04791	1
04793	1
04796	0
04797	0
04799	1
04800	0
04801	1
04803	1
04806	0
04807	1
04808	1
04811	0
04816	0
04818	0
04820	1
04822	1
04823	0
04826	1
04830	0
04831	1
04834	1
04837	1
04842	1
04845	0
04847	1
04850	1
04857	0
04858	0
04861	1
04862	1
04865	0
04866	0
04867	1
04868	0
04869	1
04870	1
04873	1
04877	1
04878	1
04879	1
04880	1
04881	1
04882	0
04883	1
04890	1
04891	1
04892	0
04893	0
04894	1
04896	1
04898	0
04902	0
04903	0
04904	1
04906	0
04908	1
04912	1
04913	0
04917	1
04921	1
04923	1
04926	1
04927	1
04929	1
04931	1
04934	1
04937	1
04938	1
04939	1
04941	1
04944	0
04947	1
04953	1
04961	1
04965	0
04966	0
04967	1
04970	1
04971	1
04972	1
04973	1
04974	1
04977	1
04980	0
04981	0
04985	0
04989	0
04990	1
04991	1
04994	1
04995	1
05000	1
05002	1
05004	0
05005	1
05006	0
05007	1
05010	1
05013	0
05014	1
05016	1
05017	1
05018	1
05019	1
05020	0
05021	0
05022	1
05024	0
05026	0
05028	1
05029	0
05030	0
05031	0
05035	1
05036	1
05037	1
05039	1
05041	1
05042	0
05043	1
05046	1
05050	1
05052	1
05053	1
05054	1
05056	1
05057	0
05063	0
05066	0
05068	1
05070	1
05071	0
05072	0
05074	1
05075	1
05076	1
05077	1
05079	1
05080	1
05081	0
05083	1
05084	1
05085	1
05086	1
05087	0
05088	1
05089	1
05091	0
05092	1
05097	1
05098	1
05099	1
05100	1
05102	0
05104	0
05105	0
05111	1
05112	1
05114	0
05117	1
05119	1
05121	0
05123	1
05125	1
05126	1
05128	0
05130	1
05132	1
05133	1
05136	1
05137	1
05138	0
05142	1
05144	0
05145	1
05150	1
05152	1
05153	0
05155	1
05157	0
05158	1
05160	0
05161	0
05162	1
05166	0
05167	1
05172	0
05175	1
05177	1
05178	0
05179	1
05184	0
05185	0
05186	1
05187	1
05188	0
05191	1
05192	0
05193	1
05195	0
05196	1
05197	1
05198	0
05200	1
05201	1
05205	1
05206	0
05210	0
05211	0
05212	1
05213	0
05219	0
05220	0
05223	0
05225	0
05226	1
05227	0
05230	0
05231	0
05237	1
05238	0
05239	1
05242	0
05245	1
05250	0
05251	1
05252	1
05254	1
05256	0
05259	1
05262	1
05266	0
05270	0
05272	0
05273	0
05278	1
05281	1
05282	1
05283	1
05284	0
05295	0
05299	0
05300	1
05302	0
05303	0
05306	0
05308	1
05309	0
05311	1
05313	0
05314	0
05316	1
05321	0
05324	0
05326	0
05327	0
05329	1
05330	1
05331	0
05332	1
05333	1
05335	0
05337	1
05342	0
05343	0
05344	0
05346	0
05347	0
05348	1
05349	0
05350	1
05351	0
05353	0
05354	1
05355	1
05356	1
05361	1
05362	1
05364	1
05366	1
05368	1
05373	1
05374	0
05376	0
05377	1
05379	0
05380	0
05381	1
05383	1
05387	0
05388	1
05392	1
05394	1
05395	0
05397	1
05403	1
05404	0
05405	1
05406	0
05407	1
05410	1
05412	0
05416	1
05418	0
05419	0
05421	0
05422	0
05424	1
05426	1
05428	0
05433	0
05434	1
05435	0
05437	1
05438	0
05439	1
05440	0
05441	1
05442	1
05443	1
05447	0
05450	1
05452	0
05454	0
05457	0
05459	1
05461	0
05464	0
05465	1
05469	1
05472	0
05473	1
05474	1
05476	0
05477	0
05482	0
05484	1
05485	1
05488	1
05489	1
05490	0
05494	1
05498	0
05501	0
05502	0
05503	1
05504	1
05505	0
05506	0
05507	0
05510	0
05511	0
05514	1
05515	0
05521	1
05522	1
05523	0
05530	0
05531	1
05532	1
05533	0
05534	1
05535	1
05539	1
05541	0
05544	1
05545	0
05550	1
05552	1
05553	0
05554	0
05557	1
05558	1
05560	1
05562	1
05564	1
05566	1
05569	1
05570	0
05575	0
05576	0
05577	0
05578	0
05579	0
05581	0
05582	1
05585	1
05586	0
05590	0
05594	1
05595	1
05596	1
05597	0
05598	1
05599	1
05601	0
05602	1
05604	0
05607	1
05610	1
05613	1
05615	1
05616	0
05621	0
05622	1
05623	1
05624	0
05629	0
05631	0
05632	1
05636	0
05637	1
05639	1
05640	0
05642	0
05643	1
05644	1
05646	1
05648	0
05650	1
05651	1
05654	0
05657	0
05658	0
05661	1
05662	0
05663	1
05665	1
05666	0
05667	1
05668	1
05669	0
05670	1
05673	0
05674	0
05675	1
05676	1
05681	0
05683	0
05685	0
05688	0
05691	1
05693	1
05696	1
05697	1
05698	0
05699	0
05704	0
05711	0
05713	0
05715	1
05716	0
05718	1
05719	0
05721	0
05723	0
05724	0
05728	0
05729	1
05731	1
05732	0
05733	1
05734	1
05737	1
05738	1
05740	0
05745	0
05748	0
05750	0
05752	0
05754	1
05759	1
05760	0
05761	1
05764	0
05766	1
05768	1
05770	0
05772	1
05775	0
05777	0
05778	0
05780	0
05781	0
05782	0
05784	0
05785	0
05786	1
05790	0
05791	0
05792	0
05794	0
05797	0
05798	1
05800	0
05803	0
05804	0
05805	0
05806	0
05807	0
05809	1
05813	1
05814	1
05815	0
05816	0
05817	0
05820	0
05823	0
05824	0
05825	1
05826	1
05828	0
05831	0
05833	1
05834	1
05835	1
05837	0
05842	0
05843	0
05848	0
05849	0
05854	0
05856	1
05859	0
05860	0
05861	0
05862	0
05863	1
05865	1
05866	1
05870	0
05874	0
05875	1
05877	1
05878	0
05881	0
05882	1
05886	0
05888	0
05890	0
05893	1
05902	0
05903	1
05904	1
05905	1
05906	1
05908	1
05910	1
05912	0
05913	0
05914	0
05915	0
05916	0
05918	0
05919	0
05920	1
05923	1
05924	1
05926	0
05927	0
05929	0
05930	0
05932	0
05935	0
05936	0
05937	0
05938	1
05939	1
05940	0
05941	1
05943	1
05944	0
05947	1
05949	1
05950	0
05953	0
05956	1
05958	0
05962	0
05963	1
05967	0
05972	1
05973	0
05974	0
05975	0
05978	1
05981	0
05983	0
05987	0
05988	0
05991	0
05992	0
05993	0
05994	0
05995	0
05998	1
05999	0
06000	0
06002	1
06003	1
06005	0
06006	1
06007	1
06008	1
06009	1
06014	0
06017	0
06022	1
06028	1
06029	1
06030	0
06031	1
06032	1
06034	0
06035	0
06036	0
06037	0
06039	0
06040	0
06043	1
06044	0
06045	0
06046	0
06047	1
06048	0
06049	0
06050	1
06051	0
06055	1
06056	1
06057	0
06059	1
06060	1
06063	0
06064	1
06068	0
06069	1
06072	1
06073	0
06076	0
06078	1
06080	0
06081	0
06083	0
06086	1
06088	0
06089	1
06092	1
06093	1
06098	1
06099	1
06101	1
06102	0
06105	0
06107	0
06108	1
06110	0
06112	1
06113	0
06114	0
06116	0
06118	1
06120	0
06122	1
06123	1
06124	0
06125	1
06126	0
06128	0
06129	0
06130	1
06131	0
06132	0
06134	0
06135	0
06137	0
06138	1
06143	1
06146	0
06148	0
06149	1
06151	0
06154	0
06157	0
06159	0
06161	0
06163	0
06164	0
06165	0
06167	0
06171	0
06173	1
06174	1
06175	0
06177	1
06178	0
06180	1
06181	1
06183	0
06189	1
06190	0
06195	0
06198	1
06200	0
06203	1
06205	0
06207	0
06209	0
06214	1
06215	0
06219	1
06220	0
06222	0
06227	1
06228	1
06229	0
06231	0
06232	0
06233	0
06234	0
06236	1
06239	0
06240	1
06241	1
06242	1
06245	0
06246	1
06247	1
06248	0
06250	1
06251	0
06253	0
06254	1
06255	0
06259	0
06261	1
06262	0
06264	1
06265	0
06271	1
06273	0
06279	0
06280	0
06282	0
06283	1
06285	1
06286	1
06287	1
06288	1
06291	1
06292	1
06294	1
06295	1
06301	0
06302	0
06303	1
06309	1
06310	1
06311	1
06312	0
06314	1
06322	0
06327	1
06329	0
06330	1
06332	1
06335	0
06336	0
06337	0
06339	0
06342	0
06345	0
06346	1
06348	0
06350	0
06351	0
06353	0
06354	0
06357	1
06362	1
06365	0
06366	1
06370	0
06373	0
06376	0
06377	0
06378	0
06379	1
06380	1
06381	0
06383	0
06387	0
06393	1
06394	1
06398	0
06402	0
06405	0
06406	0
06407	0
06408	0
06409	0
06411	0
06412	0
06413	0
06417	0
06420	0
06421	0
06422	0
06423	0
06425	0
06426	1
06428	0
06430	0
06431	0
06434	1
06435	0
06436	0
06438	0
06439	0
06441	0
06443	1
06446	1
06448	1
06449	0
06450	1
06451	1
06454	1
06455	1
06457	1
06458	0
06459	0
06461	0
06462	1
06464	0
06468	1
06470	0
06472	1
06474	1
06476	1
06477	0
06478	0
06481	1
06486	1
06487	0
06489	1
06491	0
06493	0
06495	0
06496	1
06499	0
06502	0
06503	1
06504	1
06505	0
06506	1
06508	1
06512	1
06513	1
06514	0
06515	0
06516	1
06517	0
06519	0
06521	0
06522	0
06526	1
06529	1
06530	0
06532	1
06537	1
06539	1
06541	0
06544	1
06545	0
06548	1
06549	0
06550	1
06551	1
06552	0
06553	0
06554	1
06555	0
06556	0
06558	1
06559	0
06560	1
06561	1
06562	1
06564	0
06566	0
06568	0
06569	0
06570	0
06572	1
06573	0
06574	0
06576	1
06577	0
06579	0
06580	1
06586	0
06588	1
06590	1
06595	1
06596	0
06598	1
06599	0
06600	1
06601	0
06603	0
06604	0
06606	0
06607	0
06609	0
06611	0
06612	0
06616	0
06617	1
06618	1
06619	0
06620	0
06622	1
06625	1
06627	0
06630	0
06632	0
06634	0
06639	1
06642	0
06643	1
06644	1
06645	1
06648	0
06655	0
06656	0
06660	1
06661	1
06662	1
06665	0
06666	0
06667	0
06668	0
06669	1
06670	1
06679	0
06680	0
06681	0
06682	0
06683	0
06685	0
06686	0
06687	1
06688	0
06689	1
06693	1
06699	0
06700	0
06703	0
06704	0
06705	0
06708	0
06709	0
06710	0
06713	0
06714	0
06715	0
06719	1
06720	0
06722	1
06726	0
06733	1
06737	0
06738	0
06743	1
06746	1
06748	0
06751	0
06753	1
06757	1
06760	0
06764	1
06767	0
06769	1
06778	0
06783	1
06784	1
06785	0
06786	0
06787	1
06793	0
06794	0
06796	0
06797	0
06800	0
06801	0
06803	0
06805	1
06807	0
06808	0
06813	1
06814	1
06815	0
06816	0
06818	0
06819	0
06820	1
06821	0
06824	0
06825	0
06826	0
06827	1
06828	0
06830	1
06831	0
06833	1
06834	1
06835	1
06836	1
06837	1
06842	0
06844	0
06845	0
06850	0
06851	0
06854	0
06856	1
06858	0
06859	1
06865	0
06868	0
06870	0
06873	0
06877	0
06878	0
06880	0
06882	0
06885	0
06886	0
06887	0
06888	0
06893	0
06894	0
06896	0
06897	1
06900	1
06901	1
06903	0
06904	0
06910	0
06911	0
06912	1
06915	0
06916	0
06917	1
06918	1
06919	0
06920	0
06921	0
06922	0
06926	1
06931	0
06934	1
06935	0
06940	0
06941	0
06942	0
06943	1
06944	0
06946	0
06953	0
06956	0
06957	0
06958	0
06959	1
06965	0
06966	1
06967	0
06969	0
06971	1
06974	1
06976	0
06978	1
06979	0
06983	0
06984	0
06985	1
06987	1
06989	0
06991	0
06994	0
06995	1
06997	0
06999	1
07000	1
07001	0
07002	0
07003	0
07007	1
07010	0
07014	0
07016	0
07017	0
07019	0
07021	0
07022	1
07023	0
07024	1
07028	1
07031	1
07034	0
07037	0
07038	0
07040	1
07041	0
07042	0
07043	1
07044	1
07047	0
07048	0
07049	1
07052	0
07055	1
07056	0
07057	0
07062	1
07063	0
07067	1
07068	1
07070	0
07071	1
07073	0
07076	0
07078	0
07082	0
07083	0
07088	1
07091	0
07093	0
07095	0
07096	1
07100	0
07101	0
07102	1
07103	1
07104	0
07106	1
07108	0
07109	0
07117	1
07124	1
07125	1
07130	0
07131	0
07132	0
07134	0
07137	1
07138	1
07139	1
07143	0
07144	0
07145	0
07147	0
07148	0
07149	0
07150	0
07151	0
07153	0
07154	0
07160	0
07162	0
07165	1
07170	1
07171	0
07173	1
07175	0
07177	1
07183	0
07185	1
07189	1
07190	0
07191	0
07193	1
07195	1
07198	1
07199	0
07201	0
07202	0
07203	0
07205	0
07206	0
07207	0
07208	0
07214	1
07216	1
07218	1
07221	0
07224	0
07227	0
07231	0
07234	0
07235	0
07236	0
07237	0
07241	0
07242	0
07243	0
07244	1
07246	1
07247	1
07250	1
07253	1
07254	0
07255	0
07260	1
07261	0
07263	1
07264	0
07265	0
07267	1
07269	1
07272	0
07275	0
07278	0
07281	0
07282	1
07284	0
07285	0
07288	0
07293	0
07295	1
07297	1
07299	1
07302	1
07305	1
07306	0
07307	0
07308	0
07310	0
07311	0
07312	0
07319	0
07320	0
07321	0
07322	0
07325	0
07326	0
07327	0
07330	0
07331	0
07332	0
07333	0
07334	0
07335	0
07337	0
07338	0
07341	0
07345	0
07346	0
07347	0
07348	0
07350	0
07352	0
07353	0
07356	1
07357	1
07360	1
07364	0
07365	0
07367	0
07368	0
07370	0
07372	0
07373	0
07374	0
07379	0
07382	0
07384	1
07385	1
07386	1
07389	1
07390	1
07397	1
07398	1
07400	0
07403	0
07407	1
07408	1
07412	1
07415	1
07417	1
07418	0
07421	0
07422	0
07423	0
07426	0
07427	0
07428	0
07429	0
07432	0
07433	0
07434	1
07435	1
07436	0
07439	0
07441	1
07443	0
07445	0
07447	1
07448	1
07449	1
07450	1
07452	1
07453	1
07454	0
07455	0
07456	1
07463	1
07464	0
07467	1
07471	0
07473	0
07476	1
07479	0
07480	1
07483	0
07486	0
07491	0
07493	1
07496	0
07497	0
07500	0
07502	0
07503	0
07506	0
07507	1
07508	0
07515	1
07519	0
07520	0
07524	0
07527	0
07532	0
07535	0
07536	0
07537	1
07541	0
07542	0
07543	0
07544	0
07545	1
07549	0
07550	1
07553	0
07555	1
07558	0
07560	0
07561	1
07563	0
07566	0
07567	0
07568	0
07571	1
07572	0
07573	0
07575	0
07576	0
07578	0
07579	1
07580	1
07581	1
07582	1
07584	0
07585	0
07586	0
07587	0
07588	0
07591	0
07594	1
07596	0
07598	1
07599	1
07600	1
07601	0
07604	0
07606	0
07607	1
07608	1
07609	0
07610	0
07612	0
07613	0
07614	0
07615	0
07616	0
07621	0
07627	0
07628	0
07629	1
07630	0
07631	1
07633	1
07638	1
07639	0
07643	0
07644	0
07645	0
07646	0
07648	0
07650	0
07652	1
07657	1
07661	0
07666	0
07668	0
07670	1
07673	1
07674	0
07677	1
07682	0
07683	0
07685	0
07688	0
07689	0
07691	0
07692	1
07694	0
07699	0
07700	0
07702	0
07703	0
07707	0
07708	0
07710	0
07712	0
07714	0
07715	0
07717	0
07718	0
07719	1
07720	1
07721	1
07723	1
07724	1
07725	1
07727	0
07728	0
07729	0
07730	0
07731	0
07735	0
07736	0
07738	1
07739	0
07743	0
07744	0
07747	0
07748	1
07749	1
07751	0
07752	0
07753	1
07754	1
07761	1
07762	0
07763	0
07764	1
07766	0
07768	0
07769	0
07770	0
07773	0
07775	0
07777	1
07778	0
07779	1
07780	1
07781	0
07782	0
07783	0
07785	1
07788	0
07789	0
07791	0
07794	1
07795	1
07796	1
07798	1
07799	1
07800	0
07801	1
07802	0
07805	0
07807	0
07808	0
07809	1
07812	0
07814	0
07815	0
07818	0
07821	0
07824	0
07825	1
07826	0
07828	1
07829	1
07830	0
07831	0
07838	1
07840	1
07845	1
07846	1
07847	1
07849	1
07850	0
07851	1
07852	0
07853	0
07854	0
07861	0
07862	0
07865	1
07866	0
07868	0
07869	0
07876	0
07877	0
07878	0
07880	0
07882	0
07883	0
07885	0
07887	0
07889	0
07891	0
07893	1
07895	0
07902	0
07904	0
07905	1
07906	0
07907	1
07908	0
07909	0
07916	0
07917	0
07918	0
07920	0
07921	0
07922	0
07923	0
07925	0
07926	0
07927	1
07929	0
07933	0
07934	0
07935	0
07936	1
07940	0
07941	1
07943	0
07946	0
07949	0
07950	0
07954	0
07956	0
07957	0
07961	0
07965	0
07966	0
07969	0
07970	0
07971	0
07972	0
07973	1
07974	0
07976	1
07982	1
07987	0
07988	0
07989	1
07994	0
07995	0
07997	0
07998	1
07999	1
08000	0
08004	0
08005	0
08006	0
08009	0
08011	0
08013	0
08017	1
08018	1
08020	0
08021	1
08027	0
08028	0
08032	0
08035	1
08036	0
08039	0
08043	0
08046	0
08051	1
08052	0
08054	0
08057	1
08058	0
08061	1
08062	0
08063	0
08064	1
08065	0
08066	0
08071	0
08072	1
08076	0
08077	0
08080	0
08081	0
08082	1
08084	0
08088	0
08089	0
08090	0
08091	0
08092	0
08093	0
08094	1
08097	0
08098	1
08099	0
08105	0
08106	1
08107	0
08109	1
08114	0
08116	1
08117	0
08118	1
08119	0
08122	1
08124	0
08126	0
08127	0
08130	0
08131	0
08133	0
08134	0
08135	1
08143	0
08147	0
08149	0
08150	1
08151	0
08152	0
08153	1
08154	0
08155	0
08156	1
08157	0
08158	0
08159	0
08164	0
08165	1
08166	0
08167	0
08171	0
08172	0
08174	0
08175	0
08179	0
08180	0
08181	0
08182	0
08184	0
08185	0
08189	1
08192	0
08196	0
08197	0
08198	0
08200	0
08205	1
08210	0
08211	0
08212	0
08213	0
08216	1
08217	0
08218	1
08219	1
08220	0
08221	0
08222	0
08228	0
08232	0
08233	0
08237	0
08238	0
08240	0
08242	0
08243	0
08244	1
08245	0
08247	1
08249	0
08251	0
08253	0
08258	1
08261	0
08262	0
08264	0
08266	1
08267	1
08269	1
08271	0
08272	0
08275	1
08288	1
08289	1
08292	1
08293	1
08297	0
08299	0
08304	1
08305	0
08306	1
08307	0
08309	0
08310	1
08311	0
08314	0
08320	0
08321	0
08322	0
08324	0
08325	0
08328	0
08331	0
08332	0
08333	0
08334	1
08336	0
08338	0
08339	0
08340	1
08342	0
08344	1
08346	0
08350	0
08352	0
08354	1
08357	0
08362	0
08367	1
08368	1
08369	0
08373	1
08380	0
08384	1
08386	1
08387	1
08388	1
08389	1
08390	0
08391	0
08393	0
08396	0
08398	0
08400	1
08402	0
08404	1
08407	0
08414	1
08415	0
08416	0
08417	0
08418	0
08419	0
08420	1
08423	1
08425	1
08427	1
08429	0
08432	0
08434	0
08435	0
08438	1
08439	0
08440	0
08442	0
08446	0
08447	0
08454	1
08458	1
08459	1
08460	0
08461	0
08463	1
08465	1
08466	1
08470	1
08474	1
08478	1
08480	1
08481	0
08483	0
08484	0
08485	0
08486	0
08488	0
08491	1
08492	0
08493	0
08495	1
08497	1
08502	1
08505	1
08507	0
08509	1
08510	0
08511	1
08514	1
08516	0
08517	0
08518	1
08519	1
08524	0
08525	0
08526	0
08527	1
08528	1
08534	0
08536	0
08537	0
08538	0
08539	1
08540	1
08541	1
08546	1
08547	1
08548	1
08550	0
08556	1
08557	1
08559	0
08561	0
08562	1
08563	1
08564	1
08565	1
08566	0
08574	0
08575	0
08577	0
08578	1
08580	0
08581	0
08583	0
08586	0
08587	1
08590	0
08591	0
08592	0
08594	1
08597	1
08603	1
08604	0
08605	0
08606	0
08608	1
08609	0
08614	0
08615	0
08616	0
08617	0
08618	1
08620	1
08621	1
08622	0
08623	0
08625	0
08626	0
08627	0
08632	1
08636	1
08638	1
08639	1
08640	1
08642	1
08643	0
08644	0
08645	1
08646	0
08648	0
08649	1
08650	0
08651	1
08652	1
08654	1
08656	0
08658	0
08659	0
08660	1
08663	0
08667	1
08668	1
08669	0
08670	1
08671	0
08672	1
08674	0
08675	1
08677	0
08678	0
08679	1
08689	0
08691	1
08695	0
08696	1
08698	1
08706	1
08708	1
08710	1
08711	0
08712	1
08715	1
08716	0
08718	1
08719	0
08721	0
08722	0
08729	1
08731	0
08732	0
08733	0
08734	1
08738	1
08740	1
08742	0
08743	1
08745	1
08746	0
08747	0
08748	0
08752	0
08756	1
08758	0
08759	1
08760	0
08761	0
08763	1
08765	1
08770	0
08773	1
08775	0
08776	1
08778	0
08780	1
08782	1
08783	1
08784	1
08785	1
08789	0
08794	0
08801	0
08805	1
08807	1
08814	0
08816	0
08821	1
08823	0
08824	0
08833	0
08835	0
08837	0
08839	0
08840	0
08843	1
08847	0
08848	1
08850	0
08851	0
08856	1
08857	1
08861	0
08862	1
08867	0
08869	1
08871	1
08872	1
08875	1
08876	1
08877	1
08878	0
08880	1
08883	1
08884	0
08887	1
08888	1
08889	0
08890	0
08892	0
08899	1
08901	1
08903	1
08905	0
08907	0
08909	0
08911	1
08912	1
08913	0
08914	0
08916	0
08917	1
08918	1
08919	1
08920	1
08921	1
08922	0
08925	1
08926	0
08927	0
08929	1
08934	0
08937	0
08939	1
08940	1
08942	0
08943	0
08944	1
08945	0
08946	0
08948	1
08949	1
08954	0
08958	0
08959	0
08962	0
08963	0
08966	1
08970	0
08972	1
08974	0
08975	0
08976	1
08978	0
08979	1
08981	0
08982	0
08984	1
08985	1
08986	1
08990	0
08993	1
08997	0
08999	0
09001	1
09002	1
09005	1
09006	1
09010	0
09012	1
09013	1
09014	1
09016	1
09018	1
09019	1
09020	1
09021	0
09022	1
09023	1
09024	1
09028	1
09029	1
09035	1
09040	1
09041	0
09043	1
09045	1
09046	0
09051	0
09052	1
09053	1
09056	0
09062	0
09063	0
09064	0
09065	1
09067	0
09069	0
09070	1
09073	0
09074	0
09080	0
09081	0
09082	1
09086	0
09087	0
09088	1
09089	1
09091	1
09092	0
09093	0
09094	1
09098	0
09100	1
09105	0
09106	0
09107	0
09110	1
09112	1
09114	1
09115	1
09116	1
09118	0
09121	0
09122	0
09124	1
09126	0
09127	1
09128	0
09129	0
09131	1
09135	1
09138	1
09139	1
09141	0
09144	1
09145	1
09146	1
09150	1
09156	1
09157	0
09159	1
09160	1
09161	1
09162	0
09165	1
09167	1
09168	0
09169	0
09170	0
09173	1
09175	0
09178	0
09179	1
09180	1
09182	1
09183	1
09186	0
09187	0
09189	1
09192	0
09195	1
09196	0
09197	0
09198	1
09205	0
09207	0
09209	1
09215	1
09216	1
09217	1
09218	0
09219	1
09225	1
09230	0
09232	0
09234	1
09237	0
09238	1
09242	1
09243	1
09244	1
09245	1
09246	0
09248	0
09251	0
09254	0
09255	1
09258	0
09261	1
09262	1
09263	0
09264	1
09265	0
09269	0
09270	0
09271	0
09272	1
09274	1
09275	0
09276	1
09277	1
09280	0
09283	0
09284	1
09285	0
09287	1
09290	0
09291	0
09296	0
09297	0
09300	0
09302	1
09304	1
09305	0
09306	0
09313	0
09314	1
09315	0
09317	1
09318	1
09319	1
09320	1
09322	0
09323	1
09324	0
09325	1
09327	0
09328	1
09329	1
09332	1
09335	1
09336	0
09337	0
09338	0
09344	0
09346	1
09347	1
09349	0
09350	0
09351	0
09352	0
09353	1
09356	0
09358	1
09361	0
09362	0
09364	1
09365	1
09373	0
09374	1
09376	0
09377	1
09379	1
09380	1
09381	1
09382	1
09384	1
09389	1
09390	1
09391	0
09392	0
09393	1
09394	1
09395	0
09397	0
09399	0
09401	1
09402	1
09405	1
09406	1
09407	1
09413	0
09417	1
09420	0
09421	1
09422	0
09423	0
09424	0
09426	1
09427	0
09430	0
09437	0
09438	0
09439	0
09440	0
09441	1
09442	1
09446	0
09448	1
09449	1
09450	1
09456	0
09465	0
09472	0
09473	0
09475	1
09476	0
09479	0
09480	1
09481	1
09483	0
09485	0
09488	1
09489	0
09490	0
09491	0
09492	0
09497	1
09501	1
09502	1
09504	0
09505	0
09506	0
09509	0
09513	1
09514	1
09515	0
09516	1
09520	0
09521	1
09522	1
09523	0
09524	0
09525	1
09527	0
09531	0
09532	0
09534	1
09535	1
09538	1
09539	1
09541	1
09543	0
09544	1
09546	0
09548	0
09550	0
09551	1
09552	0
09555	0
09556	0
09559	1
09562	0
09563	0
09564	1
09569	1
09570	1
09576	0
09577	1
09578	1
09580	1
09583	1
09586	0
09589	0
09591	1
09593	1
09594	0
09598	0
09599	1
09600	1
09602	1
09603	1
09604	1
09605	1
09606	1
09607	0
09609	0
09610	1
09611	0
09613	1
09614	1
09619	0
09620	0
09621	0
09622	0
09624	1
09625	1
09627	1
09628	0
09630	1
09635	1
09636	0
09640	1
09644	1
09645	1
09646	0
09652	0
09654	1
09661	1
09664	1
09666	1
09668	1
09669	1
09671	1
09672	0
09674	0
09675	0
09676	1
09678	1
09680	0
09682	1
09685	0
09688	0
09689	0
09690	0
09691	1
09692	1
09694	0
09695	0
09696	1
09701	0
09702	1
09703	0
09704	0
09705	0
09706	0
09711	1
09712	0
09713	1
09714	1
09716	0
09718	1
09719	1
09720	0
09721	0
09722	0
09725	0
09726	0
09727	1
09729	1
09731	1
09737	0
09738	1
09739	1
09740	0
09741	0
09743	0
09744	1
09745	0
09747	0
09748	1
09750	1
09752	0
09753	0
09755	0
09756	1
09758	0
09759	0
09763	0
09770	1
09771	0
09772	0
09773	0
09779	1
09785	0
09787	0
09788	0
09794	0
09795	0
09796	1
09797	0
09798	0
09801	1
09804	1
09805	1
09806	1
09807	0
09808	1
09811	0
09812	1
09813	1
09814	0
09815	1
09821	0
09824	0
09827	1
09829	1
09830	0
09832	1
09834	1
09837	1
09838	1
09840	1
09843	1
09845	1
09846	0
09853	1
09858	0
09860	1
09861	1
09862	0
09864	0
09865	0
09867	0
09869	0
09871	0
09876	0
09878	1
09879	0
09880	0
09882	0
09885	1
09886	1
09887	1
09889	1
09890	0
09892	1
09893	1
09894	0
09896	0
09897	0
09899	0
09903	1
09904	1
09906	0
09910	0
09911	0
09917	0
09918	0
09919	1
09920	0
09922	0
09924	1
09925	0
09926	0
09927	0
09928	0
09931	1
09932	0
09936	0
09937	1
09939	0
09941	1
09946	0
09949	0
09950	0
09951	1
09953	1
09955	1
09956	0
09959	1
09960	0
09962	1
09963	0
09964	0
09965	0
09966	1
09967	1
09971	1
09974	0
09976	1
09978	0
09981	0
09985	0
09988	0
09990	0
09992	1
09993	1
09996	1
09997	1
09998	0
09999	1
10000	0
10001	1
10004	1
10005	1
10007	1
10010	0
10013	0
10014	0
10015	0
10017	1
10021	0
10022	0
10023	0
10025	0
10026	1
10029	1
10030	0
10031	0
10032	0
10034	0
10035	1
10039	1
10041	1
10043	0
10044	1
10046	1
10047	0
10049	0
10050	0
10051	0
10053	0
10054	0
10055	1
10056	1
10057	0
10058	0
10059	0
10061	1
10063	0
10064	1
10065	1
10066	0
10069	0
10071	1
10072	1
10073	0
10075	1
10076	0
10080	0
10081	0
10082	1
10083	0
10084	1
10088	1
10089	1
10090	0
10091	1
10093	0
10094	1
10095	0
10097	1
10098	1
10099	1
10100	1
10102	1
10103	1
10109	1
10110	1
10117	0
10119	1
10120	0
10121	1
10122	1
10124	1
10125	0
10127	1
10129	1
10132	0
10135	1
10138	0
10139	0
10140	0
10141	0
10143	1
10144	1
10147	1
10148	1
10150	0
10151	0
10152	1
10155	0
10157	0
10159	1
10161	1
10164	1
10165	1
10166	1
10168	1
10170	0
10173	1
10177	0
10178	1
10179	0
10181	1
10182	0
10186	1
10192	0
10193	0
10195	1
10196	0
10198	0
10203	0
10204	0
10205	1
10206	1
10207	1
10208	1
10210	1
10212	0
10213	1
10214	1
10216	1
10217	0
10218	0
10219	1
10220	0
10222	1
10224	1
10226	0
10227	1
10228	0
10229	0
10230	1
10231	0
10232	1
10234	1
10237	0
10238	0
10239	0
10241	1
10242	0
10246	1
10247	0
10249	0
10250	1
10254	1
10255	0
10256	1
10259	1
10262	0
10263	0
10265	0
10267	0
10268	0
10271	0
10272	0
10274	0
10276	0
10279	0
10280	0
10281	0
10282	1
10286	0
10287	1
10289	0
10290	1
10291	0
10292	1
10293	1
10296	1
10297	1
10298	1
10299	1
10300	1
10303	1
10304	0
10305	1
10308	0
10309	0
10310	0
10311	1
10313	0
10315	1
10317	1
10320	0
10321	1
10322	1
10323	0
10326	0
10327	0
10330	1
10333	0
10335	1
10338	0
10340	1
10343	0
10344	0
10345	0
10346	0
10347	1
10348	1
10351	1
10352	1
10353	0
10354	1
10355	0
10358	1
10360	0
10362	0
10365	1
10367	1
10368	1
10372	0
10373	1
10375	0
10377	0
10380	0
10382	0
10385	0
10387	1
10389	0
10390	0
10391	0
10392	0
10393	0
10399	0
10400	0
10401	1
10407	0
10409	1
10412	0
10413	1
10414	1
10416	1
10417	0
10418	0
10420	1
10421	0
10422	0
10423	1
10424	0
10425	1
10426	0
10429	0
10430	0
10431	0
10433	0
10435	0
10436	0
10437	0
10438	0
10439	1
10440	0
10445	1
10446	0
10447	1
10448	1
10449	1
10452	1
10456	1
10457	0
10462	1
10464	0
10465	0
10467	0
10468	0
10472	1
10474	1
10479	0
10481	0
10483	0
10484	0
10485	1
10486	1
10487	0
10493	0
10496	0
10497	0
10498	1
10502	0
10503	1
10504	0
10505	1
10507	1
10512	1
10518	0
10519	0
10520	1
10521	0
10525	1
10527	0
10529	1
10531	1
10532	1
10533	0
10534	0
10535	1
10536	1
10538	0
10539	1
10540	1
10541	0
10544	1
10549	0
10550	1
10551	0
10552	0
10554	0
10555	1
10556	1
10558	1
10560	0
10561	1
10564	0
10565	0
10566	0
10568	1
10569	0
10570	0
10572	1
10574	0
10576	1
10578	0
10579	0
10581	0
10582	1
10583	1
10587	0
10588	0
10591	1
10593	0
10595	1
10596	1
10597	1
10598	1
10599	0
10602	1
10604	0
10605	1
10611	0
10612	0
10613	0
10614	0
10615	0
10616	0
10617	0
10618	1
10620	0
10621	0
10622	1
10624	1
10629	1
10632	0
10633	1
10634	0
10635	1
10636	0
10638	0
10641	1
10645	1
10647	0
10648	1
10650	1
10651	1
10652	0
10653	1
10655	1
10658	0
10661	0
10662	0
10663	0
10668	0
10670	0
10675	1
10677	0
10679	0
10680	1
10681	1
10682	1
10689	0
10691	0
10693	1
10695	0
10699	0
10700	0
10701	1
10702	0
10703	1
10704	0
10707	0
10708	1
10709	0
10710	0
10714	1
10715	1
10716	0
10717	1
10718	0
10723	1
10724	0
10725	0
10729	1
10730	0
10732	0
10733	0
10734	1
10735	0
10736	0
10737	0
10738	1
10742	0
10745	0
10748	1
10749	0
10750	0
10751	1
10752	1
10753	0
10754	0
10756	1
10758	1
10760	1
10762	1
10763	0
10764	0
10768	1
10769	1
10773	0
10775	1
10778	1
10779	1
10780	1
10781	1
10783	1
10788	1
10790	0
10792	0
10793	1
10794	1
10795	0
10796	1
10799	0
10802	0
10806	1
10808	1
10811	0
10812	0
10813	0
10815	0
10817	1
10821	0
10824	0
10825	1
10828	0
10830	1
10832	1
10834	0
10837	0
10839	0
10840	1
10841	1
10847	1
10848	0
10850	1
10852	0
10855	0
10857	1
10858	0
10861	0
10862	0
10863	1
10864	1
10865	0
10866	0
10868	0
10869	1
10872	0
10873	0
10874	0
10876	1
10877	0
10879	0
10882	1
10884	0
10885	0
10886	1
10890	1
10891	1
10899	1
10903	0
10906	0
10911	0
10913	1
10915	0
10923	0
10925	0
10927	1
10928	1
10930	1
10931	0
10932	1
10937	1
10942	1
10943	1
10944	0
10945	0
10947	1
10948	0
10949	1
10952	0
10954	0
10955	1
10956	0
10957	1
10958	0
10960	0
10965	1
10966	1
10972	0
10974	0
10977	0
10978	1
10980	0
10982	1
10983	1
10985	0
10986	1
10987	0
10988	0
10990	1
10996	0
10999	0
11001	0
11002	1
11004	1
11009	1
11011	0
11015	0
11020	0
11022	0
11024	0
11025	0
11027	0
11029	1
11030	0
11031	1
11033	0
11034	1
11039	1
11040	0
11041	0
11042	1
11043	0
11044	0
11045	1
11048	0
11050	0
11054	1
11055	0
11056	0
11057	1
11060	1
11062	1
11063	1
11067	0
11068	0
11069	1
11070	0
11073	0
11074	1
11076	0
11077	1
11079	1
11082	0
11083	1
11084	0
11087	1
11088	1
11090	0
11091	1
11092	1
11094	0
11095	1
11098	1
11099	0
11100	1
11101	0
11103	0
11105	0
11106	0
11109	0
11114	1
11115	0
11118	0
11119	1
11120	0
11121	1
11125	0
11127	1
11129	1
11132	1
11134	1
11138	1
11139	1
11140	1
11141	0
11142	0
11143	0
11144	0
11149	0
11151	1
11155	1
11156	1
11157	1
11158	1
11159	1
11160	0
11161	0
11163	0
11165	1
11167	0
11168	0
11173	0
11177	1
11178	0
11179	1
11184	1
11185	0
11186	0
11187	1
11188	1
11191	1
11193	0
11199	1
11200	1
11201	0
11202	1
11204	1
11205	1
11209	0
11213	1
11217	0
11224	0
11225	0
11227	1
11229	0
11230	1
11232	1
11233	1
11235	0
11237	0
11239	0
11242	0
11243	0
11248	1
11252	0
11253	0
11256	0
11257	0
11258	0
11260	1
11262	1
11265	0
11267	1
11268	0
11271	0
11272	1
11274	1
11277	1
11278	1
11279	1
11280	0
11282	0
11284	0
11287	0
11288	0
11289	0
11291	1
11292	1
11293	0
11295	0
11296	1
11297	1
11299	0
11300	0
11302	1
11304	1
11305	0
11308	1
11309	1
11310	0
11313	1
11314	1
11317	0
11318	0
11321	0
11323	0
11324	1
11325	0
11327	1
11328	1
11329	0
11330	1
11331	1
11333	0
11336	0
11339	0
11341	1
11343	0
11345	1
11346	1
11348	0
11359	0
11363	1
11366	0
11369	0
11370	0
11371	0
11372	1
11373	1
11378	0
11380	0
11385	1
11388	1
11391	0
11394	0
11395	1
11397	0
11398	1
11402	1
11404	1
11405	0
11406	1
11407	1
11409	0
11410	1
11412	1
11413	0
11415	0
11416	1
11420	1
11421	0
11423	1
11425	1
11426	1
11427	0
11428	1
11430	1
11431	0
11434	0
11436	0
11438	1
11443	0
11445	0
11450	0
11454	1
11457	1
11458	1
11461	1
11463	1
11465	1
11466	0
11473	1
11475	0
11478	1
11479	0
11482	0
11484	1
11485	0
11486	0
11494	1
11495	0
11497	0
11498	1
11501	0
11503	0
11505	1
11506	0
11509	0
11511	0
11512	1
11514	1
11516	0
11519	1
11520	1
11521	0
11522	0
11523	0
11531	1
11533	1
11535	0
11536	1
11538	0
11540	1
11543	1
11546	1
11551	0
11557	0
11558	1
11559	0
11560	1
11563	1
11564	1
11567	1
11568	1
11571	1
11573	0
11574	1
11577	1
11578	1
11579	0
11580	0
11581	1
11582	1
11584	1
11585	0
11586	0
11587	0
11588	1
11589	1
11590	1
11594	1
11597	1
11598	1
11601	0
11602	1
11604	0
11605	0
11608	1
11609	0
11611	1
11612	1
11613	1
11615	1
11616	1
11617	0
11618	0
11621	0
11623	1
11625	1
11626	1
11628	1
11632	0
11636	0
11642	0
11644	1
11646	0
11648	1
11651	0
11652	0
11653	1
11654	0
11659	1
11660	1
11661	0
11662	1
11663	1
11665	1
11666	1
11667	0
11668	1
11670	0
11671	0
11674	0
11675	1
11679	1
11683	1
11684	1
11685	1
11687	0
11689	0
11690	1
11692	0
11693	0
11694	0
11695	0
11696	0
11698	0
11700	0
11701	1
11702	1
11703	1
11704	0
11706	0
11711	1
11713	0
11716	0
11717	1
11718	1
11720	1
11721	0
11723	1
11724	1
11726	0
11727	0
11730	1
11732	0
11733	1
11735	0
11738	1
11739	0
11742	0
11745	0
11746	0
11749	0
11750	1
11754	1
11756	0
11758	0
11760	0
11763	0
11764	1
11768	1
11772	0
11774	0
11776	0
11777	1
11778	0
11779	0
11783	1
11784	1
11786	1
11787	1
11788	0
11789	1
11792	0
11794	1
11795	1
11796	1
11797	1
11798	0
11801	0
11802	0
11803	0
11804	1
11805	1
11807	0
11808	0
11809	1
11810	1
11811	1
11815	1
11819	1
11823	1
11826	0
11827	1
11828	0
11829	1
11831	1
11832	0
11833	0
11834	0
11835	0
11836	0
11837	0
11839	0
11840	1
11841	0
11843	1
11844	1
11846	0
11847	1
11848	0
11852	0
11853	0
11854	0
11859	1
11861	1
11862	0
11866	0
11871	1
11872	0
11874	0
11875	1
11878	1
11879	0
11886	1
11887	1
11889	1
11890	1
11891	0
11893	0
11895	1
11896	1
11898	1
11900	1
11903	1
11904	1
11907	1
11909	1
11911	1
11912	1
11914	0
11915	0
11922	0
11924	0
11928	1
11929	1
11932	1
11933	1
11936	1
11937	0
11940	1
11942	0
11943	0
11944	0
11946	1
11947	1
11951	0
11953	1
11958	0
11960	0
11962	0
11965	1
11966	0
11968	0
11969	0
11974	0
11977	0
11978	0
11979	1
11980	0
11982	1
11983	0
11986	1
11987	0
11988	0
11990	1
11991	1
11992	0
11993	1
11996	0
11997	1
11998	1
12000	1
12003	1
12009	1
12011	0
12012	1
12013	0
12014	1
12018	0
12019	0
12020	1
12022	1
12023	1
12028	1
12031	0
12032	1
12033	1
12034	0
12036	1
12038	1
12039	0
12042	0
12044	0
12046	1
12049	1
12050	1
12053	0
12056	0
12061	0
12064	1
12069	0
12070	0
12071	1
12073	1
12077	1
12078	1
12080	0
12081	0
12082	1
12083	0
12088	0
12091	1
12092	1
12094	1
12097	1
12099	0
12102	1
12107	0
12108	0
12109	1
12122	1
12123	1
12124	0
12127	1
12129	0
12133	0
12134	1
12135	0
12136	1
12137	0
12139	1
12140	0
12141	0
12142	1
12144	0
12145	0
12146	0
12147	1
12148	1
12149	1
12150	1
12152	0
12154	1
12156	0
12158	0
12164	1
12165	1
12169	0
12176	0
12178	0
12181	1
12184	0
12187	1
12192	0
12194	1
12195	1
12196	0
12197	0
12198	1
12200	1
12201	1
12202	0
12203	1
12208	0
12209	0
12210	1
12214	1
12215	1
12216	1
12217	0
12221	0
12223	1
12224	0
12225	0
12227	1
12230	0
12231	1
12232	0
12233	1
12237	0
12242	0
12243	1
12244	0
12246	1
12247	0
12250	0
12251	0
12254	1
12256	1
12257	1
12261	0
12262	0
12263	0
12264	1
12267	0
12269	1
12271	1
12272	0
12273	1
12275	1
12278	0
12281	0
12282	1
12284	1
12285	0
12286	0
12289	0
12294	1
12297	1
12300	1
12302	0
12305	0
12306	1
12307	0
12310	0
12314	0
12315	0
12316	0
12321	1
12332	0
12339	0
12340	1
12343	0
12344	1
12347	1
12348	0
12353	0
12356	1
12358	0
12362	0
12363	1
12367	1
12369	1
12371	1
12374	1
12376	1
12377	1
12381	0
12383	1
12384	1
12386	1
12388	1
12392	0
12395	1
12396	0
12403	0
12406	1
12407	1
12408	1
12409	1
12412	1
12413	1
12418	0
12420	0
12421	0
12424	0
12425	1
12426	0
12428	1
12431	1
12432	1
12434	1
12435	0
12437	0
12438	1
12441	1
12442	0
12444	1
12445	1
12449	1
12452	1
12456	1
12457	1
12458	0
12460	0
12461	1
12462	1
12463	1
12467	0
12468	0
12469	1
12470	1
12471	1
12473	0
12477	1
12478	1
12480	1
12481	0
12482	1
12483	1
12484	1
12486	1
12490	1
12493	0
12497	1
12498	0
12500	1
12501	1
12503	1
12506	0
12508	1
12509	0
12510	0
12511	1
12514	0
12515	0
12516	1
12518	1
12519	0
12520	1
12528	0
12529	1
12530	1
12531	1
12532	1
12533	1
12534	0
12537	0
12538	0
12540	0
12541	1
12543	0
12545	1
12548	0
12550	0
12551	1
12552	0
12553	1
12554	1
12555	1
12559	0
12562	0
12563	0
12565	0
12569	0
12570	0
12573	1
12578	0
12579	0
12580	0
12581	0
12585	1
12587	1
12588	1
12591	0
12594	0
12596	0
12597	1
12603	1
12604	0
12606	0
12607	0
12608	1
12609	1
12610	0
12615	1
12616	0
12617	1
12622	1
12623	1
12625	1
12627	1
12628	0
12629	1
12630	0
12634	1
12635	1
12636	1
12640	1
12641	0
12642	0
12643	1
12644	0
12645	1
12646	0
12648	0
12649	0
12655	1
12656	0
12657	0
12658	1
12659	0
12662	1
12665	0
12668	0
12669	1
12670	0
12671	1
12674	1
12677	1
12679	1
12681	1
12683	0
12684	1
12686	1
12687	1
12688	1
12689	1
12690	0
12696	1
12697	1
12698	1
12699	1
12701	1
12704	1
12709	0
12710	0
12712	1
12714	0
12716	1
12718	1
12719	1
12720	1
12722	1
12723	0
12725	0
12726	0
12729	1
12730	0
12733	1
12735	1
12737	1
12738	1
12739	0
12744	1
12747	0
12748	0
12749	0
12750	1
12753	1
12754	1
12755	1
12757	1
12758	1
12759	1
12760	0
12761	1
12763	1
12765	1
12766	1
12767	1
12769	0
12771	1
12772	1
12775	0
12776	1
12777	0
12780	1
12781	1
12782	1
12789	1
12790	1
12791	1
12792	1
12793	1
12794	1
12796	1
12797	1
12798	1
12800	1
12807	1
12809	1
12811	1
12813	1
12815	0
12818	1
12821	1
12824	1
12827	1
12828	1
12832	1
12833	1
12836	1
12837	1
12838	1
12839	0
12843	1
12845	1
12846	0
12848	0
12849	0
12853	0
12854	1
12855	0
12857	0
12858	1
12859	1
12860	0
12864	0
12865	1
12866	1
12873	1
12874	0
12876	1
12878	0
12881	1
12884	1
12890	1
12893	0
12894	1
12900	0
12902	0
12904	0
12909	1
12910	0
12913	1
12916	0
12917	0
12918	1
12919	1
12921	0
12922	1
12924	1
12925	0
12928	0
12929	0
12930	1
12932	0
12934	1
12935	0
12936	0
12937	1
12938	0
12939	1
12941	1
12942	0
12943	0
12944	0
12945	1
12946	1
12947	1
12948	1
12950	0
12952	0
12956	0
12960	0
12961	1
12962	0
12963	1
12966	0
12967	1
12968	1
12969	1
12970	1
12971	0
12977	1
12978	0
12979	0
12981	0
12983	1
12986	1
12989	1
12990	1
12993	0
12994	0
12995	0
12996	1
12999	1
13000	1
13002	1
13003	1
13004	1
13006	1
13007	0
13010	0
13015	0
13020	1
13023	1
13024	0
13028	0
13029	0
13030	1
13032	1
13035	0
13036	1
13037	0
13038	1
13039	0
13040	0
13046	0
13048	1
13052	1
13053	1
13055	1
13056	1
13058	1
13059	1
13061	0
13064	0
13065	1
13066	0
13068	0
13069	1
13070	1
13073	1
13075	1
13076	0
13078	1
13085	1
13088	1
13091	1
13092	0
13095	1
13102	0
13105	0
13106	0
13108	1
13110	1
13113	0
13114	1
13115	1
13116	0
13118	1
13119	0
13120	0
13121	0
13122	1
13124	1
13128	0
13129	1
13132	1
13133	1
13139	0
13140	0
13142	1
13144	0
13145	0
13147	1
13148	1
13150	0
13154	0
13155	1
13156	1
13157	0
13159	1
13160	0
13163	1
13164	0
13166	1
13168	1
13170	0
13173	1
13178	0
13180	0
13181	0
13182	0
13183	0
13184	0
13185	1
13187	1
13190	1
13192	1
13193	1
13197	1
13200	1
13203	1
13204	1
13205	1
13206	1
13209	1
13210	1
13211	1
13213	0
13217	0
13218	0
13221	0
13223	0
13224	1
13226	0
13227	1
13228	0
13229	0
13231	0
13232	1
13235	1
13236	0
13240	0
13242	1
13247	0
13248	0
13249	1
13251	0
13255	1
13258	1
13260	0
13263	1
13266	1
13274	1
13275	1
13277	1
13279	0
13281	1
13282	0
13283	1
13284	1
13288	0
13289	1
13291	0
13295	0
13297	1
13298	0
13300	0
13303	0
13304	1
13308	0
13309	0
13310	0
13312	1
13314	1
13315	1
13316	0
13317	1
13321	1
13324	1
13325	0
13326	1
13329	1
13332	1
13337	1
13338	0
13339	0
13340	1
13341	1
13345	1
13346	0
13347	0
13348	0
13349	1
13350	1
13351	1
13352	1
13353	1
13355	1
13356	1
13359	1
13360	0
13364	1
13366	0
13368	1
13369	1
13371	1
13372	1
13373	1
13377	1
13379	1
13383	0
13385	0
13386	0
13387	1
13389	1
13394	0
13396	1
13397	1
13399	1
13406	1
13408	1
13409	0
13410	1
13411	1
13412	1
13414	1
13415	1
13416	0
13417	1
13419	1
13420	0
13423	0
13429	1
13432	0
13434	1
13436	1
13437	0
13441	1
13443	1
13446	1
13447	0
13449	1
13452	1
13453	1
13456	0
13460	1
13464	0
13465	0
13466	1
13468	1
13475	0
13478	1
13481	1
13482	1
13484	1
13486	1
13487	1
13490	1
13495	1
13496	0
13502	1
13503	0
13504	1
13505	0
13510	1
13512	0
13519	1
13521	0
13523	0
13524	1
13525	1
13526	1
13528	0
13529	0
13532	1
13535	1
13541	0
13544	0
13548	1
13549	0
13552	1
13557	0
13562	1
13564	1
13565	0
13570	1
13571	1
13573	0
13575	1
13576	1
13578	0
13579	1
13581	1
13585	1
13588	0
13589	0
13590	1
13592	1
13594	1
13600	1
13602	0
13604	1
13606	1
13608	1
13611	1
13612	1
13613	1
13615	1
13618	1
13619	1
13621	1
13622	0
13623	1
13624	0
13625	0
13627	1
13628	1
13629	0
13630	0
13631	1
13633	1
13635	1
13636	0
13638	1
13639	0
13640	0
13641	0
13643	0
13645	0
13647	1
13649	1
13650	1
13653	1
13654	1
13655	1
13657	1
13658	0
13659	1
13660	1
13661	1
13662	0
13669	1
13672	1
13677	1
13678	1
13679	1
13680	1
13681	1
13682	0
13684	1
13687	0
13688	1
13692	1
13694	1
13695	1
13697	1
13699	0
13700	0
13703	0
13704	0
13706	1
13707	1
13708	1
13710	1
13711	0
13712	0
13713	0
13715	0
13716	1
13718	1
13719	0
13720	0
13723	1
13725	0
13728	1
13729	1
13730	1
13731	1
13733	1
13737	0
13741	0
13742	1
13744	0
13745	1
13748	1
13749	1
13752	0
13753	1
13760	1
13764	1
13766	1
13767	0
13770	1
13771	0
13774	1
13777	0
13780	0
13781	1
13787	1
13789	0
13791	1
13792	1
13793	0
13798	0
13799	0
13804	1
13805	1
13806	1
13807	0
13810	1
13811	0
13813	1
13815	0
13817	1
13818	1
13820	0
13822	1
13823	1
13827	1
13828	0
13829	1
13830	0
13832	0
13835	1
13839	1
13843	0
13845	1
13846	1
13847	0
13851	1
13852	1
13853	0
13856	1
13857	1
13859	0
13861	0
13864	1
13865	1
13866	0
13870	1
13872	0
13873	1
13874	1
13875	1
13876	1
13877	0
13878	0
13880	1
13883	1
13884	1
13885	0
13888	0
13890	1
13891	0
13894	1
13896	0
13898	0
13900	1
13902	1
13903	1
13905	0
13906	0
13907	0
13910	0
13911	0
13912	1
13913	1
13914	1
13918	1
13921	1
13922	1
13923	1
13929	0
13934	1
13936	0
13937	0
13938	0
13939	1
13944	1
13945	1
13948	0
13953	1
13954	1
13955	1
13963	1
13964	0
13966	1
13967	0
13968	0
13969	1
13973	0
13975	0
13977	0
13980	1
13981	1
13983	1
13986	1
13988	1
13995	1
13997	1
14000	0
14001	0
14002	1
14004	1
14005	0
14006	1
14007	1
14009	0
14010	1
14014	1
14015	0
14018	0
14022	1
14023	0
14024	0
14025	1
14027	1
14028	0
14029	0
14030	1
14033	1
14035	0
14036	0
14038	0
14041	0
14042	0
14044	0
14045	0
14047	1
14048	1
14050	0
14051	0
14053	1
14055	0
14057	0
14059	1
14062	1
14063	0
14064	0
14065	0
14067	1
14068	1
14073	0
14074	0
14076	1
14080	0
14084	1
14085	1
14086	0
14090	0
14092	1
14094	0
14095	1
14103	1
14105	1
14106	0
14111	1
14114	0
14118	1
14120	1
14122	1
14125	1
14126	0
14127	0
14131	0
14133	0
14135	0
14138	0
14139	0
14140	1
14141	0
14142	0
14143	1
14144	1
14146	0
14147	1
14150	0
14151	1
14156	1
14158	1
14159	0
14160	1
14162	0
14167	0
14171	0
14172	0
14173	1
14174	1
14176	1
14178	1
14181	1
14182	0
14187	1
14188	1
14191	0
14195	0
14196	1
14197	1
14199	1
14201	0
14202	0
14204	0
14206	0
14207	1
14208	1
14209	1
14210	1
14212	0
14215	0
14216	0
14218	0
14223	0
14224	0
14225	1
14229	0
14230	0
14231	0
14232	0
14233	0
14234	0
14235	0
14239	0
14241	1
14243	1
14244	1
14245	1
14246	1
14247	0
14249	1
14251	1
14252	0
14255	1
14262	1
14265	0
14266	0
14274	1
14276	0
14278	1
14281	1
14282	0
14284	1
14285	1
14287	0
14288	0
14291	0
14292	1
14293	0
14294	0
14296	0
14297	0
14298	1
14299	1
14303	0
14305	0
14306	1
14310	1
14311	0
14314	0
14315	1
14317	1
14321	0
14322	0
14323	1
14326	0
14327	1
14328	1
14329	1
14332	1
14334	1
14335	0
14336	1
14341	1
14342	0
14343	0
14344	0
14348	0
14350	0
14351	1
14353	0
14355	1
14358	0
14359	1
14360	1
14362	1
14363	1
14364	1
14365	1
14367	0
14369	1
14370	0
14373	0
14374	0
14375	0
14376	1
14377	1
14378	0
14379	0
14380	1
14381	1
14383	0
14384	0
14386	0
14387	1
14394	1
14395	0
14396	0
14397	1
14399	0
14400	0
14402	1
14404	1
14407	1
14408	1
14410	0
14411	0
14412	0
14416	0
14418	1
14419	1
14420	0
14421	1
14422	1
14423	0
14425	0
14426	1
14428	0
14430	0
14432	1
14433	0
14439	1
14441	1
14442	1
14443	1
14444	1
14445	0
14447	0
14448	1
14449	1
14450	0
14451	0
14452	0
14453	0
14454	0
14457	1
14458	0
14460	0
14463	1
14464	1
14465	1
14471	1
14477	0
14480	0
14483	0
14486	1
14487	0
14488	1
14492	1
14493	0
14495	0
14496	1
14498	0
14500	1
14503	1
14508	1
14509	0
14510	0
14512	1
14514	0
14515	1
14516	0
14518	0
14522	1
14526	0
14527	1
14528	1
14530	0
14531	1
14535	0
14536	0
14537	0
14541	1
14543	0
14544	0
14549	1
14556	1
14557	1
14559	0
14560	0
14563	0
14565	0
14566	0
14569	1
14570	1
14572	0
14573	0
14575	1
14576	0
14578	1
14579	1
14580	0
14581	0
14582	0
14583	0
14584	0
14585	0
14588	0
14594	1
14596	1
14597	0
14598	1
14603	0
14605	1
14606	1
14609	1
14611	0
14612	1
14613	1
14615	0
14616	0
14620	1
14621	0
14623	0
14624	0
14627	1
14631	1
14632	1
14633	0
14634	1
14635	0
14641	0
14644	1
14647	1
14649	0
14651	0
14652	0
14654	0
14666	1
14667	1
14669	0
14672	1
14673	1
14674	1
14675	1
14676	1
14677	1
14679	0
14680	1
14681	1
14682	1
14683	1
14686	1
14687	0
14691	1
14692	0
14693	1
14694	0
14695	1
14697	0
14698	1
14702	1
14705	0
14707	0
14710	0
14711	0
14714	0
14716	0
14718	1
14721	1
14726	0
14730	1
14731	1
14732	0
14733	1
14734	0
14736	1
14738	1
14740	1
14743	0
14745	0
14747	0
14751	0
14752	0
14753	1
14754	1
14755	0
14756	1
14757	1
14758	0
14759	1
14761	0
14765	1
14769	0
14770	0
14771	0
14772	1
14773	0
14774	1
14775	1
14776	1
14781	0
14784	0
14787	1
14791	0
14792	0
14793	1
14794	1
14795	1
14798	0
14799	0
14800	0
14801	0
14803	1
14806	1
14809	0
14810	1
14811	0
14816	0
14817	0
14818	1
14819	1
14820	1
14826	0
14828	1
14830	1
14831	0
14836	0
14837	0
14838	1
14840	1
14842	1
14844	0
14846	0
14847	0
14850	1
14853	1
14856	0
14858	1
14859	0
14861	0
14864	0
14866	1
14868	1
14870	0
14871	0
14873	0
14874	1
14875	0
14879	0
14881	0
14882	1
14885	1
14886	1
14888	1
14890	0
14893	0
14894	0
14895	0
14896	1
14897	1
14898	1
14901	0
14904	0
14905	1
14907	0
14908	1
14910	0
14911	1
14916	1
14919	1
14920	0
14925	1
14926	1
14927	0
14928	1
14929	0
14930	1
14932	1
14935	1
14940	0
14941	0
14942	1
14943	0
14944	1
14945	0
14946	1
14948	0
14949	0
14950	0
14951	1
14954	0
14957	1
14958	0
14960	0
14962	0
14964	1
14966	0
14968	1
14972	0
14973	0
14974	0
14975	1
14977	0
14980	1
14982	0
14983	0
14984	0
14985	1
14987	0
14988	0
14989	1
14990	0
14993	0
14994	1
14995	0
14996	0
14997	1
14998	1
14999	1
15000	1
15001	0
15002	0
15004	1
15005	0
15007	0
15011	0
15012	0
15013	0
15014	1
15016	1
15019	1
15023	0
15024	0
15027	1
15029	1
15030	0
15032	1
15037	0
15038	0
15039	1
15040	1
15043	0
15044	1
15049	0
15051	1
15052	0
15054	1
15056	1
15057	0
15059	0
15064	0
15065	0
15066	0
15068	0
15069	0
15073	0
15074	1
15076	1
15077	1
15078	1
15079	1
15081	1
15082	0
15083	1
15085	0
15086	1
15088	0
15089	1
15090	0
15093	0
15094	0
15095	0
15098	1
15100	0
15101	1
15106	0
15107	0
15108	1
15109	1
15111	0
15113	0
15116	0
15117	0
15119	1
15120	0
15122	1
15123	0
15124	1
15126	1
15127	0
15128	1
15130	0
15132	1
15133	0
15135	0
15137	1
15138	1
15139	1
15140	0
15145	0
15146	0
15148	0
15149	0
15150	1
15151	0
15157	0
15158	0
15159	1
15160	0
15161	0
15163	0
15164	1
15168	1
15175	1
15178	1
15180	0
15181	0
15182	1
15183	0
15184	0
15185	0
15187	1
15188	0
15189	0
15190	0
15193	0
15194	0
15195	0
15198	0
15199	0
15200	1
15203	0
15204	1
15209	0
15210	0
15211	1
15212	0
15213	0
15215	0
15220	1
15221	0
15222	0
15223	0
15224	0
15228	0
15229	1
15232	1
15233	1
15234	1
15235	0
15238	1
15239	1
15241	1
15242	1
15245	0
15247	0
15249	0
15250	1
15251	1
15252	0
15253	0
15255	0
15256	0
15258	0
15259	0
15263	0
15265	0
15266	0
15272	1
15275	1
15276	0
15277	0
15278	1
15279	0
15282	1
15283	0
15284	0
15285	0
15287	1
15288	0
15289	1
15290	0
15293	0
15299	0
15303	0
15304	1
15306	1
15308	0
15312	0
15314	1
15316	0
15317	1
15318	0
15319	1
15323	1
15325	0
15331	1
15332	0
15334	0
15335	0
15336	0
15337	0
15338	0
15339	0
15348	1
15350	0
15354	1
15356	0
15357	0
15358	0
15359	0
15360	0
15363	1
15364	0
15365	0
15367	1
15369	0
15370	0
15372	1
15374	0
15375	0
15376	0
15378	1
15380	0
15381	0
15383	0
15387	1
15391	0
15392	0
15395	0
15396	1
15397	0
15402	0
15403	0
15404	0
15408	1
15410	1
15412	1
15414	1
15415	1
15416	1
15418	0
15419	0
15420	1
15422	1
15423	1
15424	1
15426	0
15427	0
15430	1
15433	0
15435	0
15436	0
15437	0
15439	1
15440	1
15445	1
15448	1
15449	0
15450	0
15452	0
15453	0
15454	0
15455	0
15457	1
15459	0
15460	1
15461	1
15462	0
15464	1
15466	1
15467	0
15472	0
15473	1
15477	0
15479	0
15480	1
15481	1
15482	0
15484	1
15485	1
15486	0
15487	0
15488	0
15489	1
15490	0
15491	0
15492	0
15494	0
15496	1
15497	1
15503	0
15506	0
15511	1
15513	1
15516	1
15519	0
15520	1
15522	1
15523	1
15525	0
15526	0
15528	0
15529	0
15532	1
15533	0
15534	0
15536	0
15537	1
15545	0
15546	0
15548	1
15549	1
15550	1
15554	1
15556	0
15558	1
15559	0
15565	0
15567	0
15568	1
15570	1
15571	1
15572	1
15573	0
15574	0
15575	1
15577	1
15580	1
15584	0
15585	0
15586	1
15588	0
15589	1
15591	1
15592	1
15594	0
15596	0
15599	0
15602	1
15604	0
15607	0
15609	0
15612	0
15613	0
15615	1
15616	0
15619	0
15621	0
15622	1
15624	0
15625	0
15627	0
15628	0
15630	0
15631	0
15632	1
15633	0
15634	0
15637	1
15638	0
15641	1
15644	0
15645	0
15647	1
15648	1
15649	0
15650	0
15652	0
15654	0
15655	0
15657	1
15658	1
15659	1
15661	0
15664	0
15665	1
15666	1
15667	1
15670	1
15674	0
15675	1
15682	0
15683	1
15684	1
15686	1
15687	0
15688	1
15689	0
15690	0
15691	0
15696	0
15702	0
15707	0
15710	0
15711	0
15714	0
15716	0
15720	0
15721	0
15722	1
15725	0
15726	0
15729	0
15730	1
15731	0
15732	0
15737	0
15738	1
15740	0
15741	0
15744	0
15745	1
15746	0
15747	1
15753	1
15755	1
15756	0
15758	0
15762	0
15763	0
15766	1
15768	1
15769	0
15770	0
15771	1
15773	1
15775	0
15777	0
15782	0
15783	1
15784	1
15791	0
15793	0
15794	0
15799	0
15801	0
15802	0
15804	0
15807	0
15808	0
15810	0
15814	0
15816	1
15819	1
15821	1
15822	0
15823	1
15824	1
15826	0
15828	0
15831	0
15832	0
15833	0
15834	0
15835	0
15837	1
15842	0
15843	1
15844	0
15846	1
15848	0
15849	1
15850	0
15852	1
15853	0
15854	0
15856	0
15857	0
15859	0
15861	1
15864	0
15865	0
15868	0
15869	0
15870	1
15875	0
15876	0
15877	0
15878	0
15879	0
15881	0
15882	0
15883	0
15888	0
15889	0
15890	0
15891	0
15896	0
15898	0
15899	0
15903	0
15906	0
15907	1
15908	0
15909	0
15911	0
15918	0
15919	0
15923	0
15925	0
15926	0
15927	0
15931	1
15933	1
15935	1
15938	0
15939	1
15942	1
15943	0
15945	0
15950	1
15952	1
15953	1
15955	1
15961	0
15964	1
15966	1
15967	1
15968	0
15969	0
15971	1
15973	1
15975	0
15976	0
15978	0
15980	1
15982	1
15983	0
15984	0
15987	1
15991	0
15994	1
15999	1
